Numbers on the sudoku: 22
Starting position:
8 4 0 0 2 0 0 0 0
0 0 0 0 7 0 2 6 0
9 0 0 0 0 8 1 0 0
0 3 0 0 0 4 0 9 0
0 6 1 0 0 5 0 0 0
0 0 0 0 0 0 0 0 0
0 0 9 0 0 1 0 0 0
0 0 0 0 5 0 0 0 0
4 0 0 0 3 0 7 0 5
Numbers on the sudoku: 23
8 4 0 1 2 0 0 0 0
0 0 0 0 7 0 2 6 0
9 0 0 0 0 8 1 0 0
0 3 0 0 0 4 0 9 0
0 6 1 0 0 5 0 0 0
0 0 0 0 0 0 0 0 0
0 0 9 0 0 1 0 0 0
0 0 0 0 5 0 0 0 0
4 0 0 0 3 0 7 0 5

Numbers on the sudoku: 24
8 4 0 1 2 0 0 0 0
0 0 0 0 7 0 2 6 8
9 0 0 0 0 8 1 0 0
0 3 0 0 0 4 0 9 0
0 6 1 0 0 5 0 0 0
0 0 0 0 0 0 0 0 0
0 0 9 0 0 1 0 0 0
0 0 0 0 5 0 0 0 0
4 0 0 0 3 0 7 0 5

Numbers on the sudoku: 25
8 4 0 1 2 0 0 0 0
0 0 0 4 7 0 2 6 8
9 0 0 0 0 8 1 0 0
0 3 0 0 0 4 0 9 0
0 6 1 0 0 5 0 0 0
0 0 0 0 0 0 0 0 0
0 0 9 0 0 1 0 0 0
0 0 0 0 5 0 0 0 0
4 0 0 0 3 0 7 0 5

Numbers on the sudoku: 26
8 4 0 1 2 0 0 0 0
0 0 0 4 7 9 2 6 8
9 0 0 0 0 8 1 0 0
0 3 0 0 0 4 0 9 0
0 6 1 0 0 5 0 0 0
0 0 0 0 0 0 0 0 0
0 0 9 0 0 1 0 0 0
0 0 0 0 5 0 0 0 0
4 0 0 0 3 0 7 0 5

Numbers on the sudoku: 27
8 4 0 1 2 0 0 0 0
0 0 0 4 7 9 2 6 8
9 0 0 5 0 8 1 0 0
0 3 0 0 0 4 0 9 0
0 6 1 0 0 5 0 0 0
0 0 0 0 0 0 0 0 0
0 0 9 0 0 1 0 0 0
0 0 0 0 5 0 0 0 0
4 0 0 0 3 0 7 0 5

Numbers on the sudoku: 28
8 4 0 1 2 3 0 0 0
0 0 0 4 7 9 2 6 8
9 0 0 5 0 8 1 0 0
0 3 0 0 0 4 0 9 0
0 6 1 0 0 5 0 0 0
0 0 0 0 0 0 0 0 0
0 0 9 0 0 1 0 0 0
0 0 0 0 5 0 0 0 0
4 0 0 0 3 0 7 0 5

Numbers on the sudoku: 29
8 4 6 1 2 3 0 0 0
0 0 0 4 7 9 2 6 8
9 0 0 5 0 8 1 0 0
0 3 0 0 0 4 0 9 0
0 6 1 0 0 5 0 0 0
0 0 0 0 0 0 0 0 0
0 0 9 0 0 1 0 0 0
0 0 0 0 5 0 0 0 0
4 0 0 0 3 0 7 0 5

Numbers on the sudoku: 30
8 4 6 1 2 3 0 0 0
0 0 0 4 7 9 2 6 8
9 0 0 5 6 8 1 0 0
0 3 0 0 0 4 0 9 0
0 6 1 0 0 5 0 0 0
0 0 0 0 0 0 0 0 0
0 0 9 0 0 1 0 0 0
0 0 0 0 5 0 0 0 0
4 0 0 0 3 0 7 0 5

Numbers on the sudoku: 31
8 4 6 1 2 3 0 0 0
0 0 0 4 7 9 2 6 8
9 0 0 5 6 8 1 0 0
0 3 0 0 0 4 0 9 0
0 6 1 0 0 5 0 0 0
0 9 0 0 0 0 0 0 0
0 0 9 0 0 1 0 0 0
0 0 0 0 5 0 0 0 0
4 0 0 0 3 0 7 0 5

Numbers on the sudoku: 32
8 4 6 1 2 3 0 0 0
0 0 0 4 7 9 2 6 8
9 0 0 5 6 8 1 0 0
0 3 0 0 0 4 0 9 0
0 6 1 0 9 5 0 0 0
0 9 0 0 0 0 0 0 0
0 0 9 0 0 1 0 0 0
0 0 0 0 5 0 0 0 0
4 0 0 0 3 0 7 0 5

Numbers on the sudoku: 33
8 4 6 1 2 3 0 0 0
0 0 0 4 7 9 2 6 8
9 0 0 5 6 8 1 0 0
0 3 0 0 0 4 0 9 0
0 6 1 0 9 5 0 0 0
0 9 4 0 0 0 0 0 0
0 0 9 0 0 1 0 0 0
0 0 0 0 5 0 0 0 0
4 0 0 0 3 0 7 0 5

Numbers on the sudoku: 34
8 4 6 1 2 3 0 0 0
0 0 0 4 7 9 2 6 8
9 0 0 5 6 8 1 0 0
0 3 8 0 0 4 0 9 0
0 6 1 0 9 5 0 0 0
0 9 4 0 0 0 0 0 0
0 0 9 0 0 1 0 0 0
0 0 0 0 5 0 0 0 0
4 0 0 0 3 0 7 0 5

Numbers on the sudoku: 35
8 4 6 1 2 3 0 0 0
0 0 5 4 7 9 2 6 8
9 0 0 5 6 8 1 0 0
0 3 8 0 0 4 0 9 0
0 6 1 0 9 5 0 0 0
0 9 4 0 0 0 0 0 0
0 0 9 0 0 1 0 0 0
0 0 0 0 5 0 0 0 0
4 0 0 0 3 0 7 0 5

Numbers on the sudoku: 36
8 4 6 1 2 3 0 0 0
3 0 5 4 7 9 2 6 8
9 0 0 5 6 8 1 0 0
0 3 8 0 0 4 0 9 0
0 6 1 0 9 5 0 0 0
0 9 4 0 0 0 0 0 0
0 0 9 0 0 1 0 0 0
0 0 0 0 5 0 0 0 0
4 0 0 0 3 0 7 0 5

Numbers on the sudoku: 37
8 4 6 1 2 3 0 0 0
3 1 5 4 7 9 2 6 8
9 0 0 5 6 8 1 0 0
0 3 8 0 0 4 0 9 0
0 6 1 0 9 5 0 0 0
0 9 4 0 0 0 0 0 0
0 0 9 0 0 1 0 0 0
0 0 0 0 5 0 0 0 0
4 0 0 0 3 0 7 0 5

Numbers on the sudoku: 38
8 4 6 1 2 3 0 0 0
3 1 5 4 7 9 2 6 8
9 0 0 5 6 8 1 0 0
0 3 8 0 1 4 0 9 0
0 6 1 0 9 5 0 0 0
0 9 4 0 0 0 0 0 0
0 0 9 0 0 1 0 0 0
0 0 0 0 5 0 0 0 0
4 0 0 0 3 0 7 0 5

Numbers on the sudoku: 39
8 4 6 1 2 3 0 0 0
3 1 5 4 7 9 2 6 8
9 0 0 5 6 8 1 0 0
0 3 8 0 1 4 0 9 0
0 6 1 0 9 5 0 0 0
0 9 4 0 8 0 0 0 0
0 0 9 0 0 1 0 0 0
0 0 0 0 5 0 0 0 0
4 0 0 0 3 0 7 0 5

Numbers on the sudoku: 40
8 4 6 1 2 3 0 0 0
3 1 5 4 7 9 2 6 8
9 0 0 5 6 8 1 0 0
0 3 8 0 1 4 0 9 0
0 6 1 0 9 5 0 0 0
0 9 4 0 8 0 0 0 0
0 5 9 0 0 1 0 0 0
0 0 0 0 5 0 0 0 0
4 0 0 0 3 0 7 0 5

Numbers on the sudoku: 41
8 4 6 1 2 3 0 0 0
3 1 5 4 7 9 2 6 8
9 0 0 5 6 8 1 0 0
0 3 8 0 1 4 0 9 0
0 6 1 0 9 5 0 0 0
0 9 4 0 8 0 0 0 0
0 5 9 0 4 1 0 0 0
0 0 0 0 5 0 0 0 0
4 0 0 0 3 0 7 0 5

Numbers on the sudoku: 42
8 4 6 1 2 3 0 0 0
3 1 5 4 7 9 2 6 8
9 0 0 5 6 8 1 0 0
0 3 8 0 1 4 0 9 0
0 6 1 0 9 5 0 0 0
0 9 4 0 8 0 0 0 0
0 5 9 0 4 1 0 0 0
1 0 0 0 5 0 0 0 0
4 0 0 0 3 0 7 0 5

Numbers on the sudoku: 43
8 4 6 1 2 3 0 0 0
3 1 5 4 7 9 2 6 8
9 0 0 5 6 8 1 0 0
0 3 8 0 1 4 0 9 0
0 6 1 0 9 5 0 0 0
0 9 4 0 8 0 0 0 1
0 5 9 0 4 1 0 0 0
1 0 0 0 5 0 0 0 0
4 0 0 0 3 0 7 0 5

Numbers on the sudoku: 44
8 4 6 1 2 3 0 0 0
3 1 5 4 7 9 2 6 8
9 0 0 5 6 8 1 0 0
0 3 8 0 1 4 0 9 0
0 6 1 0 9 5 0 0 0
0 9 4 0 8 0 0 0 1
6 5 9 0 4 1 0 0 0
1 0 0 0 5 0 0 0 0
4 0 0 0 3 0 7 0 5

Numbers on the sudoku: 45
8 4 6 1 2 3 0 0 0
3 1 5 4 7 9 2 6 8
9 0 0 5 6 8 1 0 0
0 3 8 0 1 4 0 9 0
0 6 1 0 9 5 0 0 0
0 9 4 0 8 0 0 0 1
6 5 9 7 4 1 0 0 0
1 0 0 0 5 0 0 0 0
4 0 0 0 3 0 7 0 5

Numbers on the sudoku: 46
8 4 6 1 2 3 0 0 0
3 1 5 4 7 9 2 6 8
9 0 0 5 6 8 1 0 0
0 3 8 0 1 4 0 9 0
0 6 1 0 9 5 0 0 0
0 9 4 0 8 7 0 0 1
6 5 9 7 4 1 0 0 0
1 0 0 0 5 0 0 0 0
4 0 0 0 3 0 7 0 5

Numbers on the sudoku: 47
8 4 6 1 2 3 0 0 0
3 1 5 4 7 9 2 6 8
9 0 0 5 6 8 1 0 0
0 3 8 0 1 4 0 9 0
0 6 1 0 9 5 0 0 0
0 9 4 0 8 7 0 0 1
6 5 9 7 4 1 0 0 0
1 0 3 0 5 0 0 0 0
4 0 0 0 3 0 7 0 5

Numbers on the sudoku: 48
8 4 6 1 2 3 0 0 0
3 1 5 4 7 9 2 6 8
9 0 7 5 6 8 1 0 0
0 3 8 0 1 4 0 9 0
0 6 1 0 9 5 0 0 0
0 9 4 0 8 7 0 0 1
6 5 9 7 4 1 0 0 0
1 0 3 0 5 0 0 0 0
4 0 0 0 3 0 7 0 5

Numbers on the sudoku: 49
8 4 6 1 2 3 0 0 0
3 1 5 4 7 9 2 6 8
9 2 7 5 6 8 1 0 0
0 3 8 0 1 4 0 9 0
0 6 1 0 9 5 0 0 0
0 9 4 0 8 7 0 0 1
6 5 9 7 4 1 0 0 0
1 0 3 0 5 0 0 0 0
4 0 0 0 3 0 7 0 5

Numbers on the sudoku: 50
8 4 6 1 2 3 0 0 0
3 1 5 4 7 9 2 6 8
9 2 7 5 6 8 1 0 0
0 3 8 0 1 4 0 9 0
0 6 1 0 9 5 0 0 0
0 9 4 0 8 7 0 0 1
6 5 9 7 4 1 0 0 0
1 7 3 0 5 0 0 0 0
4 0 0 0 3 0 7 0 5

Numbers on the sudoku: 51
8 4 6 1 2 3 0 0 0
3 1 5 4 7 9 2 6 8
9 2 7 5 6 8 1 0 0
0 3 8 0 1 4 0 9 0
0 6 1 0 9 5 0 0 0
0 9 4 0 8 7 0 0 1
6 5 9 7 4 1 0 0 0
1 7 3 0 5 0 0 0 0
4 8 0 0 3 0 7 0 5

Numbers on the sudoku: 52
8 4 6 1 2 3 0 0 0
3 1 5 4 7 9 2 6 8
9 2 7 5 6 8 1 0 0
0 3 8 0 1 4 0 9 0
0 6 1 0 9 5 0 0 0
0 9 4 0 8 7 0 0 1
6 5 9 7 4 1 0 0 0
1 7 3 8 5 0 0 0 0
4 8 0 0 3 0 7 0 5

Numbers on the sudoku: 53
8 4 6 1 2 3 0 0 0
3 1 5 4 7 9 2 6 8
9 2 7 5 6 8 1 0 0
0 3 8 0 1 4 0 9 0
0 6 1 0 9 5 0 0 0
0 9 4 0 8 7 0 0 1
6 5 9 7 4 1 0 0 0
1 7 3 8 5 0 0 0 0
4 8 2 0 3 0 7 0 5

Numbers on the sudoku: 54
8 4 6 1 2 3 0 0 0
3 1 5 4 7 9 2 6 8
9 2 7 5 6 8 1 0 0
0 3 8 0 1 4 0 9 0
0 6 1 0 9 5 0 0 0
0 9 4 0 8 7 0 0 1
6 5 9 7 4 1 0 0 0
1 7 3 8 5 2 0 0 0
4 8 2 0 3 0 7 0 5

Numbers on the sudoku: 55
8 4 6 1 2 3 0 0 0
3 1 5 4 7 9 2 6 8
9 2 7 5 6 8 1 0 0
0 3 8 0 1 4 0 9 0
0 6 1 0 9 5 0 0 0
0 9 4 0 8 7 0 0 1
6 5 9 7 4 1 0 0 0
1 7 3 8 5 2 0 4 0
4 8 2 0 3 0 7 0 5

Numbers on the sudoku: 56
8 4 6 1 2 3 0 0 0
3 1 5 4 7 9 2 6 8
9 2 7 5 6 8 1 3 0
0 3 8 0 1 4 0 9 0
0 6 1 0 9 5 0 0 0
0 9 4 0 8 7 0 0 1
6 5 9 7 4 1 0 0 0
1 7 3 8 5 2 0 4 0
4 8 2 0 3 0 7 0 5

Numbers on the sudoku: 57
8 4 6 1 2 3 0 0 0
3 1 5 4 7 9 2 6 8
9 2 7 5 6 8 1 3 4
0 3 8 0 1 4 0 9 0
0 6 1 0 9 5 0 0 0
0 9 4 0 8 7 0 0 1
6 5 9 7 4 1 0 0 0
1 7 3 8 5 2 0 4 0
4 8 2 0 3 0 7 0 5

Numbers on the sudoku: 58
8 4 6 1 2 3 0 0 0
3 1 5 4 7 9 2 6 8
9 2 7 5 6 8 1 3 4
0 3 8 0 1 4 0 9 0
0 6 1 0 9 5 4 0 0
0 9 4 0 8 7 0 0 1
6 5 9 7 4 1 0 0 0
1 7 3 8 5 2 0 4 0
4 8 2 0 3 0 7 0 5

Numbers on the sudoku: 59
8 4 6 1 2 3 0 0 0
3 1 5 4 7 9 2 6 8
9 2 7 5 6 8 1 3 4
0 3 8 0 1 4 0 9 0
0 6 1 0 9 5 4 8 0
0 9 4 0 8 7 0 0 1
6 5 9 7 4 1 0 0 0
1 7 3 8 5 2 0 4 0
4 8 2 0 3 0 7 0 5

Numbers on the sudoku: 60
8 4 6 1 2 3 0 7 0
3 1 5 4 7 9 2 6 8
9 2 7 5 6 8 1 3 4
0 3 8 0 1 4 0 9 0
0 6 1 0 9 5 4 8 0
0 9 4 0 8 7 0 0 1
6 5 9 7 4 1 0 0 0
1 7 3 8 5 2 0 4 0
4 8 2 0 3 0 7 0 5

Numbers on the sudoku: 61
8 4 6 1 2 3 5 7 0
3 1 5 4 7 9 2 6 8
9 2 7 5 6 8 1 3 4
0 3 8 0 1 4 0 9 0
0 6 1 0 9 5 4 8 0
0 9 4 0 8 7 0 0 1
6 5 9 7 4 1 0 0 0
1 7 3 8 5 2 0 4 0
4 8 2 0 3 0 7 0 5

Numbers on the sudoku: 62
8 4 6 1 2 3 5 7 9
3 1 5 4 7 9 2 6 8
9 2 7 5 6 8 1 3 4
0 3 8 0 1 4 0 9 0
0 6 1 0 9 5 4 8 0
0 9 4 0 8 7 0 0 1
6 5 9 7 4 1 0 0 0
1 7 3 8 5 2 0 4 0
4 8 2 0 3 0 7 0 5

Numbers on the sudoku: 63
8 4 6 1 2 3 5 7 9
3 1 5 4 7 9 2 6 8
9 2 7 5 6 8 1 3 4
5 3 8 0 1 4 0 9 0
0 6 1 0 9 5 4 8 0
0 9 4 0 8 7 0 0 1
6 5 9 7 4 1 0 0 0
1 7 3 8 5 2 0 4 0
4 8 2 0 3 0 7 0 5

Numbers on the sudoku: 64
8 4 6 1 2 3 5 7 9
3 1 5 4 7 9 2 6 8
9 2 7 5 6 8 1 3 4
5 3 8 0 1 4 6 9 0
0 6 1 0 9 5 4 8 0
0 9 4 0 8 7 0 0 1
6 5 9 7 4 1 0 0 0
1 7 3 8 5 2 0 4 0
4 8 2 0 3 0 7 0 5

Numbers on the sudoku: 65
8 4 6 1 2 3 5 7 9
3 1 5 4 7 9 2 6 8
9 2 7 5 6 8 1 3 4
5 3 8 2 1 4 6 9 0
0 6 1 0 9 5 4 8 0
0 9 4 0 8 7 0 0 1
6 5 9 7 4 1 0 0 0
1 7 3 8 5 2 0 4 0
4 8 2 0 3 0 7 0 5

Numbers on the sudoku: 66
8 4 6 1 2 3 5 7 9
3 1 5 4 7 9 2 6 8
9 2 7 5 6 8 1 3 4
5 3 8 2 1 4 6 9 7
0 6 1 0 9 5 4 8 0
0 9 4 0 8 7 0 0 1
6 5 9 7 4 1 0 0 0
1 7 3 8 5 2 0 4 0
4 8 2 0 3 0 7 0 5

Numbers on the sudoku: 67
8 4 6 1 2 3 5 7 9
3 1 5 4 7 9 2 6 8
9 2 7 5 6 8 1 3 4
5 3 8 2 1 4 6 9 7
7 6 1 0 9 5 4 8 0
0 9 4 0 8 7 0 0 1
6 5 9 7 4 1 0 0 0
1 7 3 8 5 2 0 4 0
4 8 2 0 3 0 7 0 5

Numbers on the sudoku: 68
8 4 6 1 2 3 5 7 9
3 1 5 4 7 9 2 6 8
9 2 7 5 6 8 1 3 4
5 3 8 2 1 4 6 9 7
7 6 1 3 9 5 4 8 0
0 9 4 0 8 7 0 0 1
6 5 9 7 4 1 0 0 0
1 7 3 8 5 2 0 4 0
4 8 2 0 3 0 7 0 5

Numbers on the sudoku: 69
8 4 6 1 2 3 5 7 9
3 1 5 4 7 9 2 6 8
9 2 7 5 6 8 1 3 4
5 3 8 2 1 4 6 9 7
7 6 1 3 9 5 4 8 2
0 9 4 0 8 7 0 0 1
6 5 9 7 4 1 0 0 0
1 7 3 8 5 2 0 4 0
4 8 2 0 3 0 7 0 5

Numbers on the sudoku: 70
8 4 6 1 2 3 5 7 9
3 1 5 4 7 9 2 6 8
9 2 7 5 6 8 1 3 4
5 3 8 2 1 4 6 9 7
7 6 1 3 9 5 4 8 2
2 9 4 0 8 7 0 0 1
6 5 9 7 4 1 0 0 0
1 7 3 8 5 2 0 4 0
4 8 2 0 3 0 7 0 5

Numbers on the sudoku: 71
8 4 6 1 2 3 5 7 9
3 1 5 4 7 9 2 6 8
9 2 7 5 6 8 1 3 4
5 3 8 2 1 4 6 9 7
7 6 1 3 9 5 4 8 2
2 9 4 6 8 7 0 0 1
6 5 9 7 4 1 0 0 0
1 7 3 8 5 2 0 4 0
4 8 2 0 3 0 7 0 5

Numbers on the sudoku: 72
8 4 6 1 2 3 5 7 9
3 1 5 4 7 9 2 6 8
9 2 7 5 6 8 1 3 4
5 3 8 2 1 4 6 9 7
7 6 1 3 9 5 4 8 2
2 9 4 6 8 7 3 0 1
6 5 9 7 4 1 0 0 0
1 7 3 8 5 2 0 4 0
4 8 2 0 3 0 7 0 5

Numbers on the sudoku: 73
8 4 6 1 2 3 5 7 9
3 1 5 4 7 9 2 6 8
9 2 7 5 6 8 1 3 4
5 3 8 2 1 4 6 9 7
7 6 1 3 9 5 4 8 2
2 9 4 6 8 7 3 5 1
6 5 9 7 4 1 0 0 0
1 7 3 8 5 2 0 4 0
4 8 2 0 3 0 7 0 5

Numbers on the sudoku: 74
8 4 6 1 2 3 5 7 9
3 1 5 4 7 9 2 6 8
9 2 7 5 6 8 1 3 4
5 3 8 2 1 4 6 9 7
7 6 1 3 9 5 4 8 2
2 9 4 6 8 7 3 5 1
6 5 9 7 4 1 8 0 0
1 7 3 8 5 2 0 4 0
4 8 2 0 3 0 7 0 5

Numbers on the sudoku: 75
8 4 6 1 2 3 5 7 9
3 1 5 4 7 9 2 6 8
9 2 7 5 6 8 1 3 4
5 3 8 2 1 4 6 9 7
7 6 1 3 9 5 4 8 2
2 9 4 6 8 7 3 5 1
6 5 9 7 4 1 8 2 0
1 7 3 8 5 2 0 4 0
4 8 2 0 3 0 7 0 5

Numbers on the sudoku: 76
8 4 6 1 2 3 5 7 9
3 1 5 4 7 9 2 6 8
9 2 7 5 6 8 1 3 4
5 3 8 2 1 4 6 9 7
7 6 1 3 9 5 4 8 2
2 9 4 6 8 7 3 5 1
6 5 9 7 4 1 8 2 3
1 7 3 8 5 2 0 4 0
4 8 2 0 3 0 7 0 5

Numbers on the sudoku: 77
8 4 6 1 2 3 5 7 9
3 1 5 4 7 9 2 6 8
9 2 7 5 6 8 1 3 4
5 3 8 2 1 4 6 9 7
7 6 1 3 9 5 4 8 2
2 9 4 6 8 7 3 5 1
6 5 9 7 4 1 8 2 3
1 7 3 8 5 2 9 4 0
4 8 2 0 3 0 7 0 5

Numbers on the sudoku: 78
8 4 6 1 2 3 5 7 9
3 1 5 4 7 9 2 6 8
9 2 7 5 6 8 1 3 4
5 3 8 2 1 4 6 9 7
7 6 1 3 9 5 4 8 2
2 9 4 6 8 7 3 5 1
6 5 9 7 4 1 8 2 3
1 7 3 8 5 2 9 4 6
4 8 2 0 3 0 7 0 5

Numbers on the sudoku: 79
8 4 6 1 2 3 5 7 9
3 1 5 4 7 9 2 6 8
9 2 7 5 6 8 1 3 4
5 3 8 2 1 4 6 9 7
7 6 1 3 9 5 4 8 2
2 9 4 6 8 7 3 5 1
6 5 9 7 4 1 8 2 3
1 7 3 8 5 2 9 4 6
4 8 2 9 3 0 7 0 5

Numbers on the sudoku: 80
8 4 6 1 2 3 5 7 9
3 1 5 4 7 9 2 6 8
9 2 7 5 6 8 1 3 4
5 3 8 2 1 4 6 9 7
7 6 1 3 9 5 4 8 2
2 9 4 6 8 7 3 5 1
6 5 9 7 4 1 8 2 3
1 7 3 8 5 2 9 4 6
4 8 2 9 3 6 7 0 5

Numbers on the sudoku: 81
8 4 6 1 2 3 5 7 9
3 1 5 4 7 9 2 6 8
9 2 7 5 6 8 1 3 4
5 3 8 2 1 4 6 9 7
7 6 1 3 9 5 4 8 2
2 9 4 6 8 7 3 5 1
6 5 9 7 4 1 8 2 3
1 7 3 8 5 2 9 4 6
4 8 2 9 3 6 7 1 5
